0,560
0,559
0,558
0,557
0,556
0,555
0,554
0,553
0,551
31,3
0,550
0,549
0,548
0,547
26,5
0,546
0,524
0,388
34,2
34,0
36,9
53,35
14,5
34,96
34,95
10,33
10,263
10,215
10,297
10,109
10,121
10,115
10,271
11,25
11,26
11,19
11,22
11,5
11,2
11,3
9,7
9,2
9,3
8,8
8,12
8,11
8,13
8,2
8,3
0,318
12,2
12,1
12,3
20,2
20,1
20,3
19,2
19,1
19,3
18,1
18,3
14,1
14,4
14,3
13,1
13,3
2,2
2,1
2,3
41,3
41,1
40,3
40,1
39,3
39,1
38,3
38,1
37,4
37,3
37,1
36,73
36,72
36,71
36,69
36,67
36,65
36,32
36,31
36,26
36,17
36,15
36,11
36,10
36,5
36,4
36,3
36,1
35,8
35,7
35,6
35,5
35,4
35,3
35,1
34,376
34,375
34,374
34,373
34,372
34,371
34,370
34,369
34,368
34,367
34,366
34,365
34,364
34,363
34,362
34,361
34,360
34,359
34,358
34,357
34,356
34,355
34,354
34,353
34,352
34,351
34,350
34,349
34,348
34,347
